The suffix array is listed as follow:
    4381     1491     2888     4380     1490     1976     4162     1977      598 
    3487     2261     3659     3158     4163      428     3693      805     2295 
     895     3783     2385     3221     3519     2121     1452     3316     1917 
    3043     3337     3047      206     3094     1978      852     3740     1407 
    4340     4292     2342      901     3789     2391     1647      155     3108 
     564     3452     2053     1697     1938     3645     2247      757     3090 
    2673     1187     4072     1277     2088     2763     3573      685     2175 
     599     1935     4366     1477     3501     1534     2930       42     1658 
    3488     1605      113      772     2262     3660      934     3822     2424 
    3274     1875      386     3159     1100     4164     2586     2794     1308 
    4193     3985     4374     2102      429     1616      124     2455      965 
    3853     1091     2577     3976     3694      806     2296     3001     1516 
    2912       24      613     3147      259     1748      449      888     3776 
    2378      896     3784     2386     3594      706     2196     3222      334 
    3520     1806      317     3205     2472     2110      982     2122      632 
    1453     3317     1918     3012     2885     3044     3591      703     2193 
    3296     3338      531     3419     2645     1159     4044     3048      207 
    3095     1979      860      490     3378      853     3741     3748     1399 
    4284     1408     4341     1868      587     4293      847     3735     2337 
    2343      925     3813     2415     2808     1322     4207     3292      655 
     902     3790     2392     2478     1648      156     4323     1893     3109 
    3607      719     2209     3543      270     1424     2729     3329     3727 
     565     3453     2054     1022     4369     1480     1789      300     3188 
    2020     3920      659     2656     1170     4055     1698     2970     3282 
    1883      394     2350     3475     2076     4309     1543     2939       51 
    4359     1470     1082     2568     3967     1939     3646     2248      758 
    3470     3334     3091      446      487     3375      166      524     3412 
    2013     3054     2851     1365     4250     3248     1849      360     3655 
    2674     1188     4073     2756     1278     2089     2764     2825     1339 
    4224     3504     1270     4155     2613     4012     3701     1127     3574 
     686     2176     2715     3258     1859      370     1229     4114     1594 
    3722     3534      600      646     1654      501     3389     1990      946 
    3834     2436     3554      666     2156      906     3794     2396     3870 
    1936      923     3811     2413      653     4367     1478     3502     2713 
    1227     4112     3720     1385     4270     2702     1216     4101     2320 
    1535     2931       43     1659     1387     4272     1813      324     3489 
    1606      114     2704     1218     4103     2322     1799     2725      830 
    1239     4124      773     2263     3661     1526     2922       34      800 
    2290      834     1144      310      190      988     2141     1537     2933 
      45     1260      935     3823     2425     3198     3155     3732     2334 
     267     3275     1876      387     1756     3160     1661     1101     2800 
    4165     2587     2795     1309     4194      169     2738     2461      971 
    3859      785     2275     3673     3986     1968      479     2875     1389 
    4274     1587       95     2983     1983     1628     4375     3688     4318 
    2482     2103      430     1419     4304     1617      125      869     3757 
    2359     2456      966     3854     3367     3897     3588      700     2190 
    1319     4204      408     1092     2578     3977     3695      807     2297 
    1006      880     3768     2370     2447      957     3845     3212     3002 
    1948     1517     2913       25     3632     2234      744      614      581 
     527     3415     2016     4145     3148      260     1749     1900     2681 
    1195     4080     3229     1830      341     2746     3057      911     3799 
    2401     3881      103     2991     1908     1704     1815      326      450 
     889     3777     2379     3491     1608      116     2668     1182     4067 
    2690     1204     4089      459     3347     2706     1220     4105     2854 
    1368     4253      993      203      897     3785     2387     2871      864 
    1314     4199     3595      707     2197     2623     3024     3223     1824 
     335     2306     1137     4022     2230     3521     1807      318     3206 
    2473     2111     2634     1148     4033      411     3299     2324     1801 
     983     1296     4181     2123      633     1454     1566     3318     1919 
    3013     3525     2886     3045     3592      704     2194     2727     1652 
    1811      322      832     1004     3210     1822     4031     3297     1002 
    1241     2490     3889     3266     3339     1243     1784      295     3183 
    1561     4126     1492        0      781     2271     3669     2630     3581 
     693     2183     2492      532     3420     3891     2646     1160     4045 
    3049      208     2890     3096     1980     2678     1192     4077      861 
     512     3400     2001     3238     1839      350      491     3379     1555 
    2951      854     3742     3749     3278     1879      390     1400     4285 
    2836     1350     4235     1638      146      515     3403     2004     1409 
    4342     3268     1869      380      588     3612     4294      724     3034 
     848     3736     2338     3603     2344     1095     2581     3980     2070 
    3341      606      926     3814     2416      465     3480     3566      678 
    2168     1485      570     3458     3286     1887      398     2028      539 
    3427     2059     1522     2918       30     1057     2543     3942     3876 
    1245     2809     1323     4208     2214     2081     2962       74     1732 
     243     1973      931     3819     2421     2452      962     3850      314 
    3293     1786      297     3185      656     2653     1167     4052     3245 
    1846      357      903     3791     2393     2479     1563     1649      157 
    4324     1510       18     1894      222     3110     2146      160      775 
    2265     3663     3234     1835      346     3608      720     2210     3544 
    3131      271      575     3463     3638     2240      750     1425     2730 
    1528     2924       36     3330     3728      404      566     3454     2055 
    2905     1710     1023     4128     1759       66     1549     2945       57 
    1774      285     3173     4335     1446     4370     1123     2721     1481 
    1790      301     3189     2021     1036     2522     3921     3548      660 
    2657     1171     4056     1070     2556     3955     1699     2971      802 
    2292     1602      110     2998     2822     1336     4221      877     3765 
    2367     3283     1884      395       71      282     2351     3622     3539 
    3476     2077      793     2283     3681     4310     1544     2940       52 
     836     4360     1471     2787     1301     4186     3241     1842      353 
    1083     2569     3968      813     1940     3647     2249      759     3471 
    1289     4174     2775     2116     1113     3998     3135     1494        2 
    3335     3092     3088     1089     2575     3974      447      488     3376 
    3327     2348     3718      167      783     2273     3671      955     3843 
     525     3413     2014     3055     2852     1366     4251     2304     2632 
    1146     1636      144     3032     3601      312     3171     3996     3583 
     695     2185     3249     1850      361     2258     3656     3585      697 
    2187     2675     1189     4074     2833     1347     4232       63     1120 
     279     1612      120     3008     2354     2757     1279     2090      135 
    2034      545     3433     2765     2896     1500        8      192      768 
     275     3163     2640     1154     4039     2826     1340     4225     1683 
    1436     2782      214     4327      494     3382     2606     4005     3102 
    1768     2494     3505     1013     2957     1271     4156     1404     4289 
    1694     1513     2909       21      484     3372     3698     1897     2665 
    1179     4064      990      200     1558      219     2143      810      952 
    3840     2954     3625      737     1539     2935       47     2751     4150 
    2614     4013      534     3422     1262     1928      439      174     1720 
     231     3119     1028     3702     1128     3575      687     2177     3893 
    2300     3167     1254     1581     2977     2840     1354     4239     2716 
    3080     3259     1860      371     1714      225     3113     1230     4115 
    1595     1666      419     3307     2149     1045     2531     3930     3062 
    3723      475     3363     3535      601     2648     1162     4047      647 
     937     3825     2427     2442     1655      857     3745      163     3051 
     778     2268     3666     1729      240     3128     3085      210     2040 
    3752       82      502     3390     1991      947     3835     2437     2815 
    1329     4214     3555      667     2157     3628      740      907     3795 
    2397     2892     3871      713     2203     3200     4350     1461      555 
    3443     2044     3251     1852      363     3098      551     3439      182 
    3486     2260     3658     3157     3220      900     3788     2390     1937 
    2672     1186     4071     2762     3500     1099     2585     2793     1307 
    4192     3984     2101     1615      123      612      887     3775     2377 
    3011     2884     2644     1158     4043     1398     4283      846     3734 
    2336      924     3812     2414      654     2477     3542      269     1021 
    4368     1479     3281     1882      393     2075     1542     2938       50 
    2755     3503     4154     2714     3257     1858      369     1228     4113 
    3721      922     3810     2412      652     1386     4271     2703     1217 
    4102     2321     1798     1238      799     2289     1143      309     2140 
    1536     2932       44     3197     3154     2333      266     1755     1660 
    2874     1388     4273     1982     3687     1418      868     3756     2358 
    3587      699     2189     1318     4203     1947     2680     1194     4079 
     102     2990     1814      325     3490     1607      115     3346     2705 
    1219     4104     2870      863     2622     1136     4021     2229     2323 
    1800     2726      831     1821     1001     1240     3888     4125     2677 
    1191     4076      511     3399     2000     3237     1838      349     1554 
    2950     3277     1878      389     2835     1349     4234      514     3402 
    2003     3611      723      605     3479     1056     2542     3941     3875 
    2213     2080     1972     1509       17      774     2264     3662     1527 
    2923       35     1709     1758       65     1122     3547      801     2291 
     281      835     3240     1841      352     1288     4173     2774     2115 
    3134     1088     2574     3973     1145      311     3995     2832     1346 
    4231       62     1119      134      191      274     3162     2639     1153 
    4038     1682     1435      213      493     3381     2605     4004     1403 
    4288     1693      483      989     1557     2142     2953      736     1538 
    2934       46     4149     1261     1027     1253     2839     1353     4238 
    3079     1665     1044     2530     3929      474      936     3824     2426 
     856     3744     3127     3751     3199     2043      181     3156     3219 
    2761     1614      122      611     3010      845     3733     2335      268 
    3280     1881      392     2074     2754     4153     1797      308     3196 
    3153      265     1754      867     3755     2357     1317     4202     1946 
    3345     2228     1820     3887      510     3398     1999     3276     1877 
     388     1757     1087     2573     3972     3994     1118     3161     2638 
    1152     4037     1434     2604     4003     1402     4287     1692     2838 
    1352     4237     1664     3126     2760      610     1796      307     3195 
    3152      264     1753     2356     1663     2759     1795      306     3194 
    1662     1794      305     3193     1102     1103     2801     1281     4166 
    1622     2588     1104     2796     1310     4195     1009      170     1017 
     918     3806     2408      621     2092      817       85     2739     2859 
    1373     4258     2462      972     3860      137     2879     1393     4278 
    2802     1904      415     3303      130     1640     1282     4167      148 
    1623      786     2276     3674     2589     1105     2685     1199     4084 
    2503     3902     3987     2130     1644     2797     1311     4196     2487 
    3598     1010      171     1726      710     2200     1018      919     3807 
    2409      796     2286     3684     1969      480     3076     2876     1390 
    4275      622     2093      517     3405     2006     4132      818       86 
    2626     2036      547     3435      883     3771     2373     1588     2740 
      96     2984     1984     3027     2617     4016     2860     1374     4259 
    2463      973     3861      138     2694     1208     4093     1629     1411 
    2328     4139     4344     4376     3689     4319     2880     1394     4279 
    2483     2803     4313     1065     2551     3950      505     3393     1994 
    1674     2104      625     3513      331     3226     1827      338     1905 
    4332     1443      416     3304      131     1641     1283     4168     2767 
     149      431     3270     1871      382     1420     4305     1624     1618 
     126      590     3614     2898     1502       10      870     3758     2360 
     787     2277     3675     2590     4296     1106      194     2457      967 
    3855     2686     1200     4085     3368     3898     2504     3903      726 
    2865     2513     1379     4264     3988     2131     3019     3036     1574 
    3710     3041      850     3738     2340     1645     3643     2245      755 
     770     3589      701     2191     1320     4205     3605      717     2207 
    1268     1592     2318      828     1258     2798     1585       93     2981 
    2744     1312     4197      409     2488     3264     1093     2579     3978 
    2026      537     3425     2450      960     3848     1547     2943       55 
    2346     3716     3599      277     1766     1011     3696      808      950 
    3838      172     2298     3165     1579     2440     1727      711     2201 
    1097     2583     3982     2642     1156     4041     1019      920     3808 
    2410      797     2287     3685      100     2988     1970     2830     1344 
    4229      481     3077     2072     1944     3343      608     1007     2877 
    1391     4276     2128      881     3769     2371     4137      623     3511 
    2448      958     3846     2828     1342     4227     1685     1687     1438 
    2094      518     3406     2007     3213     2844     1358     4243     1963 
    3003     1949      455     1518     2914       26     2818     1332     4217 
    4133      819     3633     2235      745      615       87      582      528 
    3416     1865     2017      578     1293     4178     2627     2067      928 
    3816     2418     1033     2519     2784     2779      216     2037      548 
    3436      884     3772     2374     1679     4146     1431     1689     3149 
     261     1750     1901     2682     1196     4081     4329     1440     1265 
    1589     2315      825     2741       97     2985      467      496     3384 
    1985     2096     3912     1076     2562     3961     1931     3466      442 
    3651      186     3230     1831      342     3028     2747     3058     2618 
    4017     2861     1375     4260     2464      974     3862      139     2508 
    3907     2695     1209     4094     1630     1412      839      912     3800 
    2402     3141      253     1742     2608     4007     2253      763     3882 
     104     2992     1909      594     3104      520     3408     2009     1770 
    3482     2329     1705      177     3215     1816      327     1570      451 
    2496      890     3778     2380     3568      680     2170     2846     1360 
    4245     4140     4345     2598     3492     4377     1487     3690     4363 
    1474     4320     1965      572     3460     1609      117     3005     2669 
    1183     4068     2881     1395     4280     1053     2539     3938     2484 
    1723     2691     1205     4090     3707     1763      234     2804     3288 
    1889     4314      376      400     1066     2552     3951      470      506 
    3394     1995     1061     2547     3946     1675     2105     1951      626 
    2309     3558      670     2160      460     3348     2707     1221     4106 
    2030      541     3429     3122     2855     1369     4254     3507     3514 
    2061      994     1956      204      332     2968     4357     1468      499 
    3387     1988     2700     1214     4099     1524     2920       32     2736 
    3227     1828      339     1906      457     1520     2916       28     2903 
    4333     1444     2820     1334     4219      417     3305       80      898 
    3786     2388     3498     2099     2872     1507       15     1286     4171 
    2772      132      865     1315     4200     1015     1642     3596      708 
    2198     2624     3025     3224     1825      336     3641     2243      753 
    4135     1031      823     3705     1059     2545     3944     2307     1284 
    4169     2770      821     2768      150     1138     4023      432      152 
    3271     1872      383     1421     4306     1625     2231     3878     3522 
    1808      319     3207     1781      292     3180     3635     2237      747 
     237     2790     1304     4189     2474     1140     2112     1250     1041 
    2527     3926     2635     1149     4034     1619      412     3300      127 
    2325     1428      591     2733     1247     3615     1802      984     3618 
    1297     4182     2811     1325     4210      617       89     2124     1738 
    2899     1503       11     1131      871     3759     2361      730     2220 
     634      788     2278     3676     1455     2216     2591     2083     3915 
    4025     4297     1107      195     1531     2927       39      584     1079 
    2565     3964     2458      968     3856     2687     1201     4086     3578 
     690     2180     2959     3369     2500     3899     2505     3904     1567 
    2595      727     3319     1920     1273     2468      978     3530      642 
    3866     2866     2964       76     1734     3014     2514     1380     4265 
    3989     2132      245     4158     3020     3037     1575     3526     3711 
    3322     1923      434     2887     1975      894     3782     2384     3518 
    2120     1451     3042     3046      851     3739     1406     4291     2341 
    1646      154     1696     3644     2246      756     1276     2087     3572 
     684     2174     1934      771      933     3821     2423     3273     1874 
     385     2454      964     3852     1515     2911       23     3593      705 
    2195     1805      316     3204     2471     2109      981      631     3590 
     702     2192     3295      530     3418     1867     2807     1321     4206 
    3291     1892     3606      718     2208     1423     2728     1788      299 
    3187     2019     3919      658     2655     1169     4054     4308     3469 
    3333      445      486     3374     2850     1364     4249     3247     1848 
     359     3654     1269     3700     1593     3533      645     1653     3553 
     665     2155      905     3793     2395     3869     2319     1812      323 
     829      833      189      987     1259     3731     2799     1586       94 
    2982     1627     4317     2481     3896      407     1005     3211     3631 
    2233      743      580     4144     1899     2745      910     3798     2400 
    3880     2667     1181     4066      992      202     1313     4198     1823 
    4032      410     3298     1295     4180     1565     3524     1651     1810 
     321     1003     3209     4030     2489     3265     1242     1783      294 
    3182     1560     2629     2491     3890     3267      379     1094     2580 
    3979     2069     3340      569     3457     2027      538     3426     2058 
    1244      930     3818     2420     2451      961     3849     1785      296 
    3184     2652     1166     4051     3244     1845      356     1562      221 
    2145      159     3233     1834      345     3637     2239      749      403 
    4127     1548     2944       56     2720     1035     2521     1069     2555 
    3954     1601      109     2997      876     3764     2366       70     3621 
    2786     1300     4185      812     1493        1     2347     3717      782 
    2272     3670      954     3842     2303     2631     1635      143     3031 
    3600     3170     3582      694     2184      278     2895     1499        7 
    2781     4326     1767     2493     1012     2956     1512     2908       20 
    3697     1896     2664     1178     4063      218      809      951     3839 
    2750      533     3421      173     1719      230     3118     3892     2299 
    3166     1580     2976     1713      224     3112     2148     3061     2647 
    1161     4046     2441      162     3050      777     2267     3665     1728 
     239     3084      209     2039     2814     1328     4213     3627      739 
    2891      712     2202     4349     1460     3097      550     3438     1098 
    2584     2792     1306     4191     3983      886     3774     2376     2643 
    1157     4042     2476     1020     1541     2937       49      921     3809 
    2411      651     1237      798     2288     1142     2139     1981     3686 
    1417     2679     1193     4078      101     2989     2869      862     2621 
    1135     4020     1000     3236     1837      348     1553     2949      513 
    3401     2002     3610      722     3874     2212     1971     3546     3239 
    1840      351     2114     3133     2831     1345     4230       61      273 
    1681      492     3380      482     1556     2952      735     4148     1026 
    1252     3078     1043     2529     3928      473      855     3743     3750 
     844     3279     1880      391     2073     2753     4152     1945     3344 
    2227      509     3397     1998     1086     2572     3971     1117     2637 
    1151     4036     1433     2603     4002     1401     4286     1691     2837 
    1351     4236      609     3151      263     1752     1621     1008      917 
    3805     2407      620      816     2878     1392     4277     1903      414 
    3302      129     1639      147     2684     1198     4083     2129      516 
    3404     2005     4131      882     3770     2372     2616     4015     1410 
    2327     4138     4343     1064     2550     3949      624     3512     4331 
    1442     3269     1870      381      589     3613     4295      725     2864 
    2512     1378     4263     3018     3035      849     3737     2339     3604 
     716     2206     1267     1591     2317      827     1257     1584       92 
    2980     2743     3263     2025      536     3424     2449      959     3847 
    2345     3715     1096     2582     3981       99     2987     2829     1343 
    4228     2071     1943     3342      607     2127     1686     2843     1357 
    4242     1962     1864      577     2066      927     3815     2417     2518 
    1678     1430     1688     1439     1264      466     2095     3911     1930 
    3465      441     3650     3140      252     1741     2252      762      593 
     519     3407     2008     3481      176     3214     3567      679     2169 
    2845     1359     4244     1486     1964      571     3459     3004     1722 
    1762      233     3287     1888      375      399      469     1950     2029 
     540     3428     3121     2060     1955     2967     4356     1467      498 
    3386     1987     2699     1213     4098     1523     2919       31     2735 
     456     1519     2915       27     2902     2819     1333     4218       79 
    3497     2098     1506       14     3640     2242      752     4134     1030 
    3704     1058     2544     3943      820     3877     3634     2236      746 
    1249     1040     2526     3925     1427     2732     1246     3617     2810 
    1324     4209      616       88     1737     1130     2215     2082     3914 
    1530     2926       38      583     1078     2564     3963     3577      689 
    2179     2467      977     3865     2963       75     1733      244     1974 
    1933      932     3820     2422     2453      963     3851     1804      315 
    3203     2108      630     3294      529     3417     1866     1787      298 
    3186     2018      657     2654     1168     4053     3468     3332      444 
    3246     1847      358     3653     3552      664     2154      904     3792 
    2394      188      986     3730     2480     3895      406      579     1294 
    4179     1564     1650     4029     2628     2068      568     3456     2057 
     929     3817     2419      158     3232     1833      344     2719     1034 
    2520      875     3763     2365       69     3620     2785     1299     4184 
    2302     1634      142     3030     3169     2780     4325     1511     2907 
      19     1895     2663     1177     4062      217     2749     1718      229 
    3117     1712      223     3111     2147     3060      161      776     2266 
    3664     3083     2038     2813     1327     4212      549     3437      885 
    3773     2375     1236     1416     2620     1134     4019      999     3235 
    1836      347     1552     2948     3609      721     2211     3545     3132 
      60      272     1680      734     4147     1025      843     1432     1690 
    3150      262     1751      916     3804     2406      619     1902     2683 
    1197     4082     4130     4330     1441     2863     2511     1377     4262 
    3017     1266     1590     2316      826     1256     1583       91     2979 
    2742     3262       98     2986     2126     2842     1356     4241     1863 
     576     2065     2517     3910     3464     3139      251     1740     1761 
     374      468     1954     4355     1466      497     3385     1986     2698 
    1212     4097     2901     2097     1505       13     3639     2241      751 
    1426     2731     3913     1529     2925       37     1077     2563     3962 
    2466      976     3864     1932      629     3467     3331      443     3652 
     187     3729      405      567     3455     2056     3231     1832      343 
    2718      874     3762     2364       68     1633      141     3029     2906 
    2662     1176     4061     2748     1717      228     3116     1711     3059 
    3082     1235     1415     2619     1133     4018      998     1551     2947 
      59      733     1024      842      915     3803     2405     4129     2862 
    2510     1376     4261     3261     1862     3909     1760      373     4354 
    1465     2697     1211     4096     2465      975     3863      873     3761 
    2363       67     1632      140     2661     1175     4060     1716      227 
    3115     1234     1414     1550     2946       58      732      841      914 
    3802     2404     2509     3908     4353     1464     2696     1210     4095 
    1631     1233     1413      840      913     3801     2403     1232     4117 
    4118     3142      254     1743     4119     2222     1775      286     3174 
    4336     3143      255     1744     2609     4008     4120     2254      764 
    3883     1447     1597      105     2993     2223     1668      636     1776 
     287     3175      421     3309     1910      558     3446     2047      595 
    4337     3105     4371     3144      256     1745      521     3409     2010 
    2610     4009     1124     2722     4121     4301     1482     1771      790 
    2280     3678     2255      765     3483     3254     1855      366     2330 
    1706      178     3216     1817     3884     1791      302     3190      328 
    1571      452     2312     2497      891     3779     2381     1448     3569 
     681     2171     2847     1361     4246     4141     1598      106     2994 
    4346     1457     2224     2022     1037     2523     3922     3549      661 
    2151     2658     1172     4057     3561      673     2163     1669     1071 
    2557     3956      637     3353     1700     3072     1777      288     3176 
    2972     2599     3493      422     3310     1911     1047     2533     3932 
     559     3447     2048      941     3829     2431     3064     4378     1488 
     596      426     3691      803     2293     3314     1915     4338     3106 
    4364     1475     1603      111     4372     2999     3145      257     1746 
    4321     3725      522     3410     2011     2823     1337     4222     2611 
    4010     1125     1383     4268     2723     4122     1966      477     4302 
    3365      878     3766     2368      463     3564      676     2166     1483 
    3284     1885      396       72      573     3461     1772      283     3537 
     791     2281     3679     1111     2256     1610      118     3006     2352 
     766     3623     3361     3484     2670     1184     4069     2882     1396 
    4281     3540     3255     1856      367     2331      603     3477     1054 
    2540     3939     2078     1707      179     3217     1818     3885     3992 
    1792      303     3191     2485     1724      794     2284     3682     2692 
    1206     4091     4311     1672      329     1572     3708     1545     2941 
      53     1764      453     2313     1074     2560     3959      837     4361 
    1472     1051     2537     3936      235     2788     1302     4187     2218 
    2498     2593      640      892     3780     2382     1449     2085     3570 
     682     2172     2805     3289     1890     3917     2848     1362     4247 
    4315     4142      377     2650     1164     4049     3242     1843      354 
     401     1067     2553     3952     1599      107     2995     4347     1458 
     649     2137      471     2225      507     3395     1996     1084     2570 
    3969      814     1062     2548     3947     2023     1941     1676     3648 
    2250      760     1038     2524     3923     2106     3550      662     2152 
    4027     1952      627     2659     1173     4058     4299     2310     3559 
     671     2161     3351     3070      939     3827     2429      461     3562 
     674     2164     1109     1670     1072     2558     3957      638     2135 
    3349     3354     2708     1222     4107     3356     3472     2710     1224 
    4109     2444     1701     2031      542     3430      197     3123     2856 
    1370     4255     3073     3508     1290     4175     2776     1778      289 
    3177     3515     2117     2973     1114     2600     3999     3494     2062 
    3136      248      995      423     3311     1912     3358     1048     2534 
    3933      560     3448     2049      942     3830     2432     1495        3 
    1957     3065     4379     1489     4161      597      427     3692      804 
    2294     3315     1916     3336      205     3093     4339     3107      563 
    3451     2052     3089     4365     1476     1533     2929       41     1657 
    1604      112     4373     1090     2576     3975     3000     3146      258 
    1747      448      333      859      489     3377     3747      586     4322 
    3328     3726     2969     2349     3474     4358     1469     1081     2567 
    3966      165      523     3411     2012     3053     2824     1338     4223 
    2612     4011     1126      500     3388     1989      945     3833     2435 
    2712     1226     4111     3719     1384     4269     2701     1215     4100 
    2724     4123     1525     2921       33      168     2737     2460      970 
    3858      784     2274     3672     1967      478     4303     3366      879 
    3767     2369     2446      956     3844      526     3414     2015     3228 
    1829      340     3056     1907     1703     2689     1203     4088      458 
    2853     1367     4252     3023     2305     2633     1147      780     2270 
    3668     3580      692     2182     2889     1637      145     3033     3602 
     464     3565      677     2167     1484     3285     1886      397     1521 
    2917       29     2961       73     1731      242      313     3130      574 
    3462     2904     1773      284     3172     4334     1445     2821     1335 
    4220     3538      792     2282     3680     1112     3997     3087     3326 
    2257     3584      696     2186     1611      119     3007     2353     2033 
     544     3432      767     3101     3371      199     3624     1927      438 
     418     3306     3362       81      554     3442     3250     1851      362 
    3485     2259     3657      899     3787     2389     2671     1185     4070 
    3499     2100     2883     1397     4282     3541     3256     1857      368 
    2332     2873     3586      698     2188     2676     1190     4075     2834 
    1348     4233      604     3478     1055     2541     3940     2079     1508 
      16     1708       64     1121      280     1287     4172     2773      133 
     212     2042      180     3218     1613      121     3009      866     3754 
    1316     4201     1819     3886     3993     3125     2355     2758     1793 
     304     3192     1280     1016     2091       84     2858     1372     4257 
     136     2502     3901     1643     2486     3597     1725      709     2199 
     795     2285     3683     3075     2625     2035      546     3434     3026 
    2693     1207     4092     4312      504     3392     1993     1673      330 
    3225     1826      337     2766     2897     1501        9      193     1573 
    3709     3040     3642     2244      754      769     1546     2942       54 
     276     1765      949     3837     3164     1578     2439     2641     1155 
    4040     4136     3510     2827     1341     4226     1684     1437      454 
    2817     1331     4216     1292     4177     1032     2783     2778      215 
    4328     2314      824      495     3383     1075     2561     3960      185 
    2507     3906      838     2607     4006     3103     1769     1569     2495 
    2597     4362     1473     1052     2538     3937     3706     1060     2546 
    3945     2308     3557      669     2159     3506     1285     4170     2771 
    1014      822     2769      151     1780      291     3179      236     2789 
    1303     4188     1139      729     2219     4024     2958     2499     2594 
    1272     3529      641     4157     3321     1922      433      893     3781 
    2383     3517     2119     1450     1405     4290      153     1695     1275 
    2086     3571      683     2173     3272     1873      384     1514     2910 
      22     2470      980     2806     3290     1891     1422     3918     4307 
     485     3373     2849     1363     4248     3699     3532      644     3868 
    1626     4316     3630     2232      742     4143     1898      909     3797 
    2399     3879     2666     1180     4065      991      201     3523     1809 
     320     3208     1782      293     3181     1559      378     2651     1165 
    4050     3243     1844      355      220     2144     3636     2238      748 
     402     1068     2554     3953     1600      108     2996      811      953 
    3841     2894     1498        6     2955     2975      238     3626      738 
    4348     1459     2791     1305     4190     2475     1540     2936       48 
     650     1141     2138     2868     3873     2113     1251     1042     2528 
    3927      472     2752     4151     2226      508     3396     1997     1085 
    2571     3970     1116     2636     1150     4035     2602     4001     1620 
     815      413     3301      128     2615     4014     2326     1063     2549 
    3948      715     2205     2024      535     3423     3714     1942     1961 
    1677     1429     1263     1929      440     3649     2251      761      592 
     175     1721      232     3120     2966     2734       78     3496     1029 
    3703     1248     1039     2525     3924     3616     1736     1129     3576 
     688     2178     1803     3202     2107     3551      663     2153      985 
    3894     4028     3619     1298     4183     2301     3168     2812     1326 
    4211      618     3016     1255     1582       90     2978     2125     2841 
    1355     4240     2064     2516     3138      250     1739     1953     2900 
    1504       12      628     2717     3081     1132      997     3260     1861 
     372      872     3760     2362     2660     1174     4059     1715      226 
    3114      731     4352     1463     1231     4116     2221     1596     1667 
     635      420     3308      557     3445     2046     4300      789     2279 
    3677     3253     1854      365     2311     1456     2150     3560      672 
    2162     3352     3071     1046     2532     3931      940     3828     2430 
    3063      425     3313     1914     3724     1382     4267      476     3364 
     462     3563      675     2165     3536     1110     3360      602     3991 
    1671     1073     2559     3958     1050     2536     3935     2217     2592 
     639     2084     3916     2649     1163     4048      648     2136     4026 
    4298     3350     3069      938     3826     2428     1108     2134     3355 
    2709     1223     4108     2443      196      247     3357     4160      562 
    3450     2051     1532     2928       40     1656      858     3746      585 
    3473     1080     2566     3965      164     3052      944     3832     2434 
    2711     1225     4110     2459      969     3857     2445     1702     2688 
    1202     4087     3022      779     2269     3667     3579      691     2181 
    2960     1730      241     3129     3086     3325     2032      543     3431 
    3100     3370      198     1926      437      553     3441      211     2041 
    3753     3124       83     2857     1371     4256     2501     3900     3074 
     503     3391     1992     3039      948     3836     1577     2438     3509 
    2816     1330     4215     1291     4176     2777      184     2506     3905 
    1568     2596     3556      668     2158     1779      290     3178      728 
    3528     3320     1921     3516     2118     1274     2469      979     3531 
     643     3867     3629      741      908     3796     2398     2893     1497 
       5     2974     2867     3872     1115     2601     4000      714     2204 
    3713     1960     2965       77     3495     1735     3201     3015     2063 
    2515     3137      249      996     4351     1462      556     3444     2045 
    3252     1853      364      424     3312     1913     1381     4266     3359 
    3990     1049     2535     3934     3068     2133      246     4159      561 
    3449     2050      943     3831     2433     3021     3324     3099     1925 
     436      552     3440     3038     1576      183     3527     1496        4 
    3712     1959     3067     3323     1924      435     1958     3066 